Original DatasetTraining

Covariance : 

			        1   0.161049  -0.278843  -0.398781   -0.207353    0.428207  0.0506993  -0.111407  -0.194722  -0.117609  
			 0.161049          1  -0.420989   0.711543    0.614463   0.0746329   0.873908  -0.472231   0.721281    0.49449  
			-0.278843  -0.420989          1   -0.40686   -0.251342   -0.130894  -0.471787   0.605824  -0.431579  -0.249241  
			-0.398781   0.711543   -0.40686          1    0.686513    -0.16011   0.731593  -0.456038   0.797275   0.527336  
			-0.207353   0.614463  -0.251342   0.686513           1  -0.0867144   0.502021  -0.262414   0.516576   0.512963  
			 0.428207  0.0746329  -0.130894   -0.16011  -0.0867144           1   0.174719  -0.274865  -0.381615  -0.220754  
			0.0506993   0.873908  -0.471787   0.731593    0.502021    0.174719          1  -0.430801   0.718392    0.61594  
			-0.111407  -0.472231   0.605824  -0.456038   -0.262414   -0.274865  -0.430801          1  -0.424287  -0.258545  
			-0.194722   0.721281  -0.431579   0.797275    0.516576   -0.381615   0.718392  -0.424287          1   0.708854  
			-0.117609    0.49449  -0.249241   0.527336    0.512963   -0.220754    0.61594  -0.258545   0.708854          1



			 44.9728   10.3553  -12.5815  -14.8912   -4.6262    18.796   3.26998  -4.93336  -7.35693  -2.68172  
			 10.3553   91.9301  -27.1578   37.9884   19.6003   4.68378   80.5867  -29.8976   38.9618   16.1207  
			-12.5815  -27.1578   45.2679  -15.2427    -5.626  -5.76439  -30.5288    26.915  -16.3592   -5.7018  
			-14.8912   37.9884  -15.2427   31.0057   12.7177   -5.8355   39.1795  -16.7678   25.0112   9.98403  
			 -4.6262   19.6003    -5.626   12.7177   11.0682  -1.88828   16.0631  -5.76474   9.68233    5.8026  
			  18.796   4.68378  -5.76439   -5.8355  -1.88828   42.8425   10.9988  -11.8798  -14.0724  -4.91297  
			 3.26998   80.5867  -30.5288   39.1795   16.0631   10.9988    92.499  -27.3589   38.9257   20.1421  
			-4.93336  -29.8976    26.915  -16.7678  -5.76474  -11.8798  -27.3589   43.6021  -15.7841  -5.80479  
			-7.35693   38.9618  -16.3592   25.0112   9.68233  -14.0724   38.9257  -15.7841   31.7404   13.5788  
			-2.68172   16.1207   -5.7018   9.98403    5.8026  -4.91297   20.1421  -5.80479   13.5788    11.561


Eiganvalues of the reduced Dataset with PCA.

SubDimension :  1
Eigenvalues :  [246.28939646  80.41551003  42.48110727  32.59102424  18.19710433 11.42811794   7.35012705   3.89874386   2.52197586   1.31668312]

SubDimension :  2
Eigenvalues :  [246.28939646  80.41551003  42.48110727  32.59102424  18.19710433 11.42811794   7.35012705   3.89874386   2.52197586   1.31668312]

SubDimension :  3
Eigenvalues :  [246.28939646  80.41551003  42.48110727  32.59102424  18.19710433 11.42811794   7.35012705   3.89874386   2.52197586   1.31668312]

SubDimension :  4
Eigenvalues :  [246.28939646  80.41551003  42.48110727  32.59102424  18.19710433 11.42811794   7.35012705   3.89874386   2.52197586   1.31668312]

SubDimension :  5
Eigenvalues :  [246.28939646  80.41551003  42.48110727  32.59102424  18.19710433 11.42811794   7.35012705   3.89874386   2.52197586   1.31668312]

SubDimension :  6
Eigenvalues :  [246.28939646  80.41551003  42.48110727  32.59102424  18.19710433 11.42811794   7.35012705   3.89874386   2.52197586   1.31668312]

SubDimension :  7
Eigenvalues :  [246.28939646  80.41551003  42.48110727  32.59102424  18.19710433 11.42811794   7.35012705   3.89874386   2.52197586   1.31668312]

SubDimension :  8
Eigenvalues :  [246.28939646  80.41551003  42.48110727  32.59102424  18.19710433 11.42811794   7.35012705   3.89874386   2.52197586   1.31668312]

SubDimension :  9
Eigenvalues :  [246.28939646  80.41551003  42.48110727  32.59102424  18.19710433 11.42811794   7.35012705   3.89874386   2.52197586   1.31668312]

